zcr[0] = 0.04296875
zcr[1] = 0.1015625
zcr[2] = 0.046875
zcr[3] = 0.109375
zcr[4] = 0.05078125
zcr[5] = 0.01171875
zcr[6] = 0.01171875
zcr[7] = 0.07421875
zcr[8] = 0.1015625
zcr[9] = 0.08203125
zcr[10] = 0.01171875
zcr[11] = 0.0390625
zcr[12] = 0.078125
zcr[13] = 0.04296875
zcr[14] = 0.03125
zcr[15] = 0.078125
zcr[16] = 0.07421875
zcr[17] = 0.1015625
zcr[18] = 0.02734375
zcr[19] = 0.03515625
zcr[20] = 0.19140625
zcr[21] = 0.11328125
zcr[22] = 0.28125
zcr[23] = 0.19140625
zcr[24] = 0.11328125
zcr[25] = 0.08203125
zcr[26] = 0.12109375
zcr[27] = 0.015625
zcr[28] = 0.04296875
zcr[29] = 0.046875
zcr[30] = 0.0234375
zcr[31] = 0.03515625
zcr[32] = 0.03125
zcr[33] = 0.0234375
zcr[34] = 0.0625
zcr[35] = 0.03515625
zcr[36] = 0.078125
zcr[37] = 0.04296875
zcr[38] = 0.00390625
zcr[39] = 0.03515625
zcr[40] = 0.01953125
zcr[41] = 0.0078125
zcr[42] = 0.0078125
zcr[43] = 0.05859375
zcr[44] = 0.04296875
zcr[45] = 0.05859375
zcr[46] = 0.04296875
zcr[47] = 0.0078125
zcr[48] = 0.0390625
zcr[49] = 0.05078125
zcr[50] = 0.03125
zcr[51] = 0.015625
zcr[52] = 0.11328125
zcr[53] = 0.1875
zcr[54] = 0.2421875
zcr[55] = 0.0625
zcr[56] = 0.05859375
zcr[57] = 0.13671875
zcr[58] = 0.09765625
zcr[59] = 0.1875
zcr[60] = 0.11328125
zcr[61] = 0.1484375
zcr[62] = 0.21875
zcr[63] = 0.0859375
zcr[64] = 0.16015625
zcr[65] = 0.12109375
zcr[66] = 0.0859375
zcr[67] = 0.1015625
zcr[68] = 0.15234375
zcr[69] = 0.140625
zcr[70] = 0.26953125
zcr[71] = 0.15234375
zcr[72] = 0.2109375
zcr[73] = 0.18359375
zcr[74] = 0.22265625
zcr[75] = 0.17578125
zcr[76] = 0.19921875
zcr[77] = 0.2421875
zcr[78] = 0.21484375
zcr[79] = 0.2265625
zcr[80] = 0.1171875
zcr[81] = 0.1171875
zcr[82] = 0.13671875
zcr[83] = 0.2109375
zcr[84] = 0.2109375
zcr[85] = 0.17578125
zcr[86] = 0.36328125
zcr[87] = 0.53125
zcr[88] = 0.5625
zcr[89] = 0.6953125
zcr[90] = 0.5703125
zcr[91] = 0.75390625
zcr[92] = 0.75
zcr[93] = 0.33203125
zcr[94] = 0.078125
zcr[95] = 0.0859375
zcr[96] = 0.0390625
zcr[97] = 0.0390625
zcr[98] = 0.03515625
zcr[99] = 0.046875
zcr[100] = 0.05859375
zcr[101] = 0.05078125
zcr[102] = 0.21484375
zcr[103] = 0.34765625
zcr[104] = 0.265625
zcr[105] = 0.24609375
zcr[106] = 0.26953125
zcr[107] = 0.09375
zcr[108] = 0.15234375
zcr[109] = 0.12890625
zcr[110] = 0.1171875
zcr[111] = 0.1328125
zcr[112] = 0.109375
zcr[113] = 0.109375
zcr[114] = 0.15625
zcr[115] = 0.6171875
zcr[116] = 0.515625
zcr[117] = 0.0625
zcr[118] = 0.125
zcr[119] = 0.10546875
zcr[120] = 0.125
zcr[121] = 0.09765625
zcr[122] = 0.07421875
zcr[123] = 0.0390625
zcr[124] = 0.03515625
zcr[125] = 0.046875
zcr[126] = 0.04296875
zcr[127] = 0.37890625
zcr[128] = 0.7109375
zcr[129] = 0.7578125
zcr[130] = 0.76171875
zcr[131] = 0.68359375
zcr[132] = 0.6015625
zcr[133] = 0.11328125
zcr[134] = 0.05859375
zcr[135] = 0.02734375
zcr[136] = 0.02734375
zcr[137] = 0.0234375
zcr[138] = 0.04296875
zcr[139] = 0.21484375
zcr[140] = 0.51171875
zcr[141] = 0.3125
zcr[142] = 0.05078125
zcr[143] = 0.125
zcr[144] = 0.0703125
zcr[145] = 0.0703125
zcr[146] = 0.0859375
zcr[147] = 0.0859375
zcr[148] = 0.10546875
zcr[149] = 0.07421875
zcr[150] = 0.09375
zcr[151] = 0.0546875
zcr[152] = 0.0546875
zcr[153] = 0.06640625
zcr[154] = 0.08203125
zcr[155] = 0.08203125
zcr[156] = 0.1015625
zcr[157] = 0.10546875
zcr[158] = 0.1171875
zcr[159] = 0.10546875
zcr[160] = 0.1015625
zcr[161] = 0.1015625
zcr[162] = 0.10546875
zcr[163] = 0.07421875
zcr[164] = 0.12109375
zcr[165] = 0.1171875
zcr[166] = 0.1015625
zcr[167] = 0.08203125
zcr[168] = 0.125
zcr[169] = 0.12890625
zcr[170] = 0.17578125
zcr[171] = 0.08203125
