zcr[0] = 0.14453125
zcr[1] = 0.16796875
zcr[2] = 0.19140625
zcr[3] = 0.1796875
zcr[4] = 0.1953125
zcr[5] = 0.171875
zcr[6] = 0.19921875
zcr[7] = 0.1640625
zcr[8] = 0.16796875
zcr[9] = 0.1640625
zcr[10] = 0.19140625
zcr[11] = 0.16796875
zcr[12] = 0.1875
zcr[13] = 0.1875
zcr[14] = 0.1484375
zcr[15] = 0.17578125
zcr[16] = 0.203125
zcr[17] = 0.23046875
zcr[18] = 0.203125
zcr[19] = 0.20703125
zcr[20] = 0.21484375
zcr[21] = 0.21875
zcr[22] = 0.21875
zcr[23] = 0.2109375
zcr[24] = 0.15625
zcr[25] = 0.15234375
zcr[26] = 0.171875
zcr[27] = 0.13671875
zcr[28] = 0.05859375
zcr[29] = 0.10546875
zcr[30] = 0.078125
zcr[31] = 0.140625
zcr[32] = 0.14453125
zcr[33] = 0.15625
zcr[34] = 0.15625
zcr[35] = 0.13671875
zcr[36] = 0.1875
zcr[37] = 0.171875
zcr[38] = 0.2265625
zcr[39] = 0.22265625
zcr[40] = 0.19921875
zcr[41] = 0.20703125
zcr[42] = 0.21484375
zcr[43] = 0.23828125
zcr[44] = 0.23828125
zcr[45] = 0.23828125
zcr[46] = 0.21484375
zcr[47] = 0.203125
zcr[48] = 0.12890625
zcr[49] = 0.10546875
zcr[50] = 0.08984375
zcr[51] = 0.0703125
zcr[52] = 0.13671875
zcr[53] = 0.1953125
zcr[54] = 0.125
zcr[55] = 0.17578125
zcr[56] = 0.1484375
zcr[57] = 0.078125
zcr[58] = 0.109375
zcr[59] = 0.11328125
zcr[60] = 0.1015625
zcr[61] = 0.0625
zcr[62] = 0.03515625
zcr[63] = 0.03125
zcr[64] = 0.03125
zcr[65] = 0.02734375
zcr[66] = 0.03515625
zcr[67] = 0.03515625
zcr[68] = 0.0546875
zcr[69] = 0.09375
zcr[70] = 0.05859375
zcr[71] = 0.03515625
zcr[72] = 0.03125
zcr[73] = 0.1171875
zcr[74] = 0.1171875
zcr[75] = 0.12890625
zcr[76] = 0.12890625
zcr[77] = 0.06640625
zcr[78] = 0.1171875
zcr[79] = 0.16015625
zcr[80] = 0.140625
zcr[81] = 0.1796875
zcr[82] = 0.14453125
zcr[83] = 0.109375
zcr[84] = 0.125
zcr[85] = 0.08984375
zcr[86] = 0.06640625
zcr[87] = 0.14453125
zcr[88] = 0.203125
zcr[89] = 0.12890625
zcr[90] = 0.125
zcr[91] = 0.12890625
zcr[92] = 0.1640625
zcr[93] = 0.0625
zcr[94] = 0.0859375
zcr[95] = 0.125
zcr[96] = 0.13671875
zcr[97] = 0.078125
zcr[98] = 0.08984375
zcr[99] = 0.1015625
zcr[100] = 0.04296875
zcr[101] = 0.05859375
zcr[102] = 0.09765625
zcr[103] = 0.09765625
zcr[104] = 0.046875
zcr[105] = 0.03515625
zcr[106] = 0.1171875
zcr[107] = 0.1640625
zcr[108] = 0.16796875
zcr[109] = 0.18359375
zcr[110] = 0.1796875
zcr[111] = 0.140625
zcr[112] = 0.06640625
zcr[113] = 0.09375
zcr[114] = 0.07421875
zcr[115] = 0.0390625
zcr[116] = 0.03515625
zcr[117] = 0.03515625
zcr[118] = 0.03515625
zcr[119] = 0.03515625
zcr[120] = 0.03515625
zcr[121] = 0.03125
zcr[122] = 0.03125
zcr[123] = 0.03125
zcr[124] = 0.03125
zcr[125] = 0.05078125
zcr[126] = 0.08203125
zcr[127] = 0.04296875
zcr[128] = 0.05859375
zcr[129] = 0.078125
zcr[130] = 0.09375
zcr[131] = 0.07421875
zcr[132] = 0.046875
zcr[133] = 0.0390625
zcr[134] = 0.03125
zcr[135] = 0.05078125
zcr[136] = 0.0703125
zcr[137] = 0.04296875
zcr[138] = 0.0390625
zcr[139] = 0.04296875
zcr[140] = 0.04296875
zcr[141] = 0.04296875
zcr[142] = 0.046875
zcr[143] = 0.0625
zcr[144] = 0.12890625
zcr[145] = 0.07421875
zcr[146] = 0.15234375
zcr[147] = 0.16796875
zcr[148] = 0.1875
zcr[149] = 0.1328125
zcr[150] = 0.125
zcr[151] = 0.125
zcr[152] = 0.125
zcr[153] = 0.125
zcr[154] = 0.14453125
zcr[155] = 0.1171875
zcr[156] = 0.14453125
zcr[157] = 0.1171875
zcr[158] = 0.12109375
zcr[159] = 0.12109375
zcr[160] = 0.0625
zcr[161] = 0.09375
zcr[162] = 0.15625
zcr[163] = 0.16796875
zcr[164] = 0.13671875
zcr[165] = 0.140625
zcr[166] = 0.11328125
zcr[167] = 0.1484375
zcr[168] = 0.17578125
zcr[169] = 0.171875
zcr[170] = 0.171875
zcr[171] = 0.171875
zcr[172] = 0.171875
zcr[173] = 0.2109375
zcr[174] = 0.15625
zcr[175] = 0.1796875
zcr[176] = 0.16796875
zcr[177] = 0.171875
zcr[178] = 0.17578125
zcr[179] = 0.16796875
zcr[180] = 0.171875
zcr[181] = 0.16015625
zcr[182] = 0.1953125
zcr[183] = 0.15625
zcr[184] = 0.19921875
zcr[185] = 0.19140625
zcr[186] = 0.1484375
zcr[187] = 0.0703125
